%YAML:1.0
K: !!opencv-matrix
   rows: 3
   cols: 3
   dt: d
   data: [ 9.2224509572820023e+02, -3.8471928392569167e-02,
       6.6852463955924202e+02, 0., 9.2229152447060983e+02,
       4.6490270204607128e+02, 0., 0., 1. ]
D: !!opencv-matrix
   rows: 1
   cols: 4
   dt: d
   data: [ -3.7463622391296236e-01, 3.4230293534369571e-02,
       -1.4942454791619923e-04, -1.9316729870158517e-04 ]
xi: !!opencv-matrix
   rows: 1
   cols: 1
   dt: d
   data: [ 1.3907985261412172e+00 ]
R: !!opencv-matrix
   rows: 3
   cols: 3
   dt: d
   data: [ 9.9998207148948470e-01, -4.5657003879629593e-03,
       3.8744134480619410e-03, 4.5657346563946653e-03,
       9.9998957697920410e-01, 0., -3.8743730649699998e-03,
       1.7689543753017957e-05, 9.9999249443205007e-01 ]
fov: 90
camera_id: 1
image_height_in: 960
image_width_in: 2560
image_height_out: 720
image_width_out: 960